361423.843750 4770057.500000
361423.843750 4769427.500000
361428.843750 4769402.500000
361478.843750 4769202.500000
361728.843750 4768702.500000
361748.843750 4768672.500000
361778.843750 4768652.500000
362083.843750 4768652.500000
362103.843750 4768647.500000
362118.843750 4768647.500000
362558.843750 4768537.500000
362608.843750 4768537.500000
362648.843750 4768527.500000
362663.843750 4768527.500000
362723.843750 4768512.500000
362743.843750 4768517.500000
362773.843750 4768527.500000
362813.843750 4768537.500000
362853.843750 4768552.500000
362883.843750 4768572.500000
362918.843750 4768612.500000
362958.843750 4768672.500000
363133.843750 4768847.500000
363568.843750 4769137.500000
363608.843750 4769172.500000
364068.843750 4769402.500000
364143.843750 4769427.500000

