x= 1049.000000 , y= 2755.000000 , theta = 0.000000 , id = 10113539888386493330
x= 1593.000000 , y= 2881.000000 , theta = 0.000000 , id = 11763046553120314647
I am done with best solution cost = 25644.4
Time = 528ms
27 
1049.000000 2755.000000 0.000000
876.286672 3162.463685 1.564110
1401.821306 3615.083284 1.743707
1893.261211 4003.618752 2.756008
1963.019409 4402.525074 4.488244
1386.942189 4332.021455 1.421109
926.865420 4924.766561 4.383580
1145.028301 4471.104846 5.740416
1806.191047 4153.338326 3.376764
1766.814083 3442.542150 4.050630
1245.267377 3627.032048 0.543673
1666.824297 3077.956654 2.863990
2403.130471 2590.649389 4.021151
3111.641312 2285.960763 2.145979
3081.859413 2856.858255 2.882153
2313.422702 3995.612638 2.234879
1304.848459 4391.469327 5.002001
1410.648595 3365.749893 0.840641
1875.473186 4262.500613 5.758140
2381.701759 4107.487581 1.163175
1330.216274 3538.439254 2.342883
2241.049223 4430.682013 5.158944
895.430688 4409.626750 0.279108
337.953853 5109.120217 0.330306
2900.580295 3237.534504 2.740930
1679.336991 3152.699904 0.427405
1593.000000 2881.000000 0.000000
I am done with best solution cost = 11816.6
Time = 4337ms
13 
1049.000000 2755.000000 0.000000
876.286672 3162.463685 1.564110
2064.927832 3036.831690 2.580295
2334.336936 2834.770523 0.114623
2972.078978 3048.095592 4.638595
3159.835021 3910.381808 6.178808
3016.505163 4873.200617 5.834222
2669.923499 4363.034481 6.223027
1676.098171 4418.698238 4.709555
1752.134840 3094.433978 1.504392
2781.781445 3936.847562 3.159378
1829.587871 3167.565701 5.429477
1593.000000 2881.000000 0.000000
I am done with best solution cost = 8226.89
Time = 11383ms
8 
1049.000000 2755.000000 0.000000
876.286672 3162.463685 1.564110
1228.597848 3215.168841 0.254983
1151.800335 3389.480343 0.268974
1245.267377 3627.032048 0.543673
1666.824297 3077.956654 2.863990
1730.264076 3061.806024 5.782018
1593.000000 2881.000000 0.000000
I am done with best solution cost = 3668.13
Time = 11624ms
8 
1049.000000 2755.000000 0.000000
876.286672 3162.463685 1.564110
1635.414761 3609.428849 0.961814
1950.303725 3118.514434 0.406761
1860.370783 3185.996625 4.991712
1493.587015 3169.315073 0.641747
1651.489524 2878.282998 1.983691
1593.000000 2881.000000 0.000000
I am done with best solution cost = 3262.48
Time = 30427ms
13 
1049.000000 2755.000000 0.000000
876.286672 3162.463685 1.564110
969.885125 3386.433864 0.375628
1054.429687 3440.145085 1.964219
1192.418772 3448.581424 5.342582
1272.058827 3487.106827 5.224862
1221.430742 3326.606588 1.611641
1321.475698 3381.067205 5.165078
1432.043499 3315.465929 0.396097
1422.607051 3203.243795 1.072649
1471.279530 3080.639884 4.253632
1438.730661 3005.079368 4.206652
1593.000000 2881.000000 0.000000
time is done 
