I am done with best solution cost = 11745.4
Time = 1240ms
24 
1049.000000 2755.000000 0.000000
913.943127 3328.546634 0.719248
1380.464538 3433.278010 2.283056
1206.790646 3441.965401 3.374515
1000.886202 3201.440311 1.660120
1490.948349 3251.806599 4.737914
1260.371826 3271.379125 1.987359
1071.163936 3387.724469 5.589408
1408.755458 3959.870357 1.295692
1290.691213 4080.209046 4.687154
1709.479216 4456.173042 4.542770
2138.110652 4730.706590 5.616860
2242.005785 4357.492830 6.094993
2487.790165 4363.951994 3.288317
1838.710110 3867.426872 0.725473
2243.895626 3505.658146 2.919334
1808.288003 3433.395108 4.400924
2123.492248 3007.027564 3.411128
2259.722621 2573.003879 4.506378
2224.389488 2552.248214 0.047938
2297.749635 2744.283281 1.468865
2401.428392 2910.534038 5.592474
2191.292782 3188.926096 4.587486
1593.000000 2881.000000 0.000000
I am done with best solution cost = 8295.01
Time = 1802ms
9 
1049.000000 2755.000000 0.000000
913.943127 3328.546634 0.719248
987.077745 3995.724046 4.914257
1278.798788 4450.583615 2.456263
874.072232 4095.220913 4.804541
1220.998639 3334.536185 3.149979
1221.928549 3283.775035 1.129072
1849.084187 2991.323942 5.307130
1593.000000 2881.000000 0.000000
I am done with best solution cost = 4700.67
Time = 3192ms
9 
1049.000000 2755.000000 0.000000
913.943127 3328.546634 0.719248
1380.464538 3433.278010 2.283056
1206.790646 3441.965401 3.374515
1062.571601 3662.234542 4.461138
1144.114758 3735.151095 0.699957
1421.658188 3721.846772 4.539474
1842.981640 3139.190209 1.836512
1593.000000 2881.000000 0.000000
number of solutions = 3
