I am done with best solution cost = 23221.6
Time = 447ms
20 
1049.000000 2755.000000 0.000000
935.493401 3222.017386 2.097862
1122.927644 3805.592771 2.202972
1486.143741 4573.427767 0.204320
1357.137017 3808.985774 0.981908
2188.011376 3766.765016 4.182750
3162.403477 3741.869084 2.875831
2875.971553 4665.616191 4.271306
3183.721056 4697.530846 1.312642
2425.968498 3576.685146 6.150108
3016.004276 3554.356639 2.966125
2691.855680 3707.062116 4.787190
2300.217962 1909.750339 5.625638
2634.860120 3267.225461 2.300791
1591.148033 4278.889891 5.496534
577.387948 4690.756342 0.527586
881.523439 4688.018622 3.737065
667.825001 4281.044475 5.550491
3197.308588 3744.973636 0.753427
1593.000000 2881.000000 0.000000
I am done with best solution cost = 8109.34
Time = 2757ms
9 
1049.000000 2755.000000 0.000000
935.493401 3222.017386 2.097862
1122.927644 3805.592771 2.202972
1486.143741 4573.427767 0.204320
2423.147577 5084.591729 1.231455
2966.504952 4398.763020 5.041306
3255.894839 2988.931613 1.565753
2148.621176 3270.925603 5.187431
1593.000000 2881.000000 0.000000
I am done with best solution cost = 5331.18
Time = 4488ms
12 
1049.000000 2755.000000 0.000000
981.791990 2984.560056 0.362300
1020.898820 3381.540156 1.868839
1497.998132 3590.216222 1.214400
1413.067523 3432.059164 5.740429
1267.073076 3391.731471 5.750134
1145.301443 3311.836867 1.263212
1028.461757 3230.311470 5.999300
1455.986012 3185.909099 0.620630
1679.702051 3069.632857 5.424709
1532.254637 3242.281341 1.378322
1593.000000 2881.000000 0.000000
time is done 
