12792.5 216
3555.41 23538
11745.4 1240
8295.01 1802
4700.67 3192
53174.8 3431
48938.7 6500
7252.82 9728
3203.6 19244
35462.4 884
24588.7 3628
8050.15 4624
1817.35 5669
23221.6 447
8109.34 2757
5331.18 4488
5528.3 255
4523.91 995
3758.84 1622
2441.1 4134
67277.1 3696
18817.5 6965
18283 8767
54970.5 2117
11025.9 6402
9561.87 11181
7740.23 12307
46054.3 7200
66292 3026
53888.8 11470
21164.4 11876
56741.9 2509
6543.49 4181
2051.74 6034
35760.7 1237
30531.6 2607
16303.7 6609
5324.24 8450
125032 9434
56384.8 13727
55829.6 20323
4796.81 120
23819.2 2791
10607.4 317
8804.94 1031
4440.17 1368
25644.4 528
11816.6 4337
8226.89 11383
3668.13 11624
3262.48 30427
81916.7 9180
3717.58 664
40098.2 1237
28114.3 5235
